1.000000 41.000000 0.932376 0.253591 0.636929 0.379244 0.757167
2.000000 64.000000 0.910505 0.556448 0.743867 0.659166 0.832053
3.000000 62.000000 0.871250 0.000113 0.289161 0.554385 0.704709
4.000000 0.000000 0.843893 0.589797 0.337664 0.868345 0.613045
5.000000 66.000000 0.713231 0.475018 0.597798 0.719385 0.692674
6.000000 0.000000 0.704431 0.467856 0.226014 0.519530 0.290177
7.000000 63.000000 0.630170 0.655590 0.487490 0.865886 0.565874
8.000000 62.000000 0.406193 0.661173 0.245131 0.705182 0.267276
9.000000 0.000000 0.398530 0.955315 0.263828 1.000000 0.378301
10.000000 27.000000 0.382824 0.000065 0.000559 0.108882 0.292375
11.000000 57.000000 0.361605 0.541577 0.431002 0.999979 0.631935
12.000000 0.000000 0.351067 0.917853 0.275346 0.949405 0.330928
13.000000 56.000000 0.496034 0.084438 0.206347 0.143903 0.292524
14.000000 57.000000 0.489010 0.591739 0.419683 1.000000 0.620384
15.000000 73.000000 0.484469 0.388416 0.745119 1.000000 0.999692
16.000000 62.000000 0.482936 0.000000 0.162231 0.092974 0.551741
17.000000 0.000000 0.474802 0.586816 0.134381 0.617340 0.182021
18.000000 66.000000 0.464839 0.023905 0.529006 0.298550 0.628808
19.000000 73.000000 0.455230 0.261344 0.408132 0.456620 0.482693
20.000000 62.000000 0.325135 0.261290 0.162621 0.308744 0.189165
21.000000 56.000000 0.315636 0.076712 0.368001 0.224736 0.467237
22.000000 0.000000 0.309491 0.622520 0.123601 0.653369 0.180484
23.000000 0.000000 0.308098 0.514706 0.196324 0.534627 0.252367
24.000000 28.000000 0.297298 0.482132 0.250862 0.550860 0.290332
